#	vm	docker on vm	bare metal	docker on bare metal
PING_BULK	50947.62 	51642.22 	63139.29 	62751.00 
SET	54884.74 	47487.89 	65172.05 	63832.50 
GET	50720.23 	51408.60 	64918.20 	63532.40 
INCR	49721.56 	51700.96 	62845.65 	63694.27 
LPUSH	48780.49 	45212.04 	59744.29 	61214.49 
RPUSH	49053.27 	47214.35 	60606.06 	59213.64 
LPOP	50510.15 	45905.25 	59361.27 	59080.70 
RPOP	51722.36 	48468.40 	58657.91 	60299.09 
SADD	61462.81 	55524.71 	61720.78 	60518.04 
SPOP	55163.28 	51461.51 	61873.53 	64333.51 
LPUSH	45896.82 	44298.75 	60132.29 	61207.00 
LRANGE_100	8536.79 	8526.75 	8547.30 	8579.13 
LRANGE_300	2839.80 	2835.45 	2877.68 	2878.18 
LRANGE_500	1889.50 	1884.45 	1920.33 	1920.15 
LRANGE_600	1413.41 	1407.12 	1439.79 	1439.53 
MSET	27726.94 	26983.27 	38048.86 	38738.67 